spawns:
  default:
    world: 86b64835-1457-4386-a77e-b4d812fa526d
    world-name: Lobby
    x: 67.86553438521379
    y: 168.0
    z: -18.55603056330088
    yaw: -1.199951171875
    pitch: 88.64991760253906
