world: 86b64835-1457-4386-a77e-b4d812fa526d
world-name: Lobby
x: 67.9921886148586
y: 168.0
z: -18.51536355021275
yaw: 0.15000714361667633
pitch: -3.7500009536743164
name: Lobby
lastowner: 962a83dc-7b1e-4e72-9e4d-ca29c0fbbd40
