world: e5a7f470-a10f-47a6-ba1f-68df844f4bae
world-name: SurvivalSMP
x: -61.056411764504205
y: 68.0
z: 44.895441953032424
yaw: -0.4499964118003845
pitch: -1.050017237663269
name: Survival
lastowner: 962a83dc-7b1e-4e72-9e4d-ca29c0fbbd40
